100.628929
0.000000
503.144653
100.628929
0.000000
0.000000
0.000000
1761.006226
3069.182373
1459.119507
50.314465
452.830170
2716.981201
2364.779785
2062.893066
2113.207520
1811.320679
2616.352051
955.974854
50.314465
50.314465
50.314465
150.943390
352.201263
50.314465
50.314465
1056.603760
1811.320679
201.257858
0.000000
0.000000
1207.547119
1710.691772
603.773560
0.000000
0.000000
0.000000
805.031433
1006.289307
402.515717
0.000000
0.000000
0.000000
0.000000
0.000000
0.000000
0.000000
0.000000
100.628929
704.402527
704.402527
1861.635132
704.402527
1308.176025
2364.779785
2918.239014
3522.012451
1358.490601
1408.805054
1106.918213
1308.176025
503.144653
402.515717
201.257858
301.886780
402.515717
150.943390
452.830170
1257.861572
855.345886
452.830170
654.088013
1006.289307
603.773560
855.345886
855.345886
603.773560
805.031433
1056.603760
1459.119507
1408.805054
1660.377319
1408.805054
1308.176025
1358.490601
402.515717
201.257858
2012.578613
1509.433960
100.628929
1308.176025
1358.490601
1660.377319
1610.062866
1106.918213
1157.232666
704.402527
503.144653
402.515717
251.572327
201.257858
301.886780
805.031433
251.572327
201.257858
503.144653
352.201263
251.572327
201.257858
251.572327
251.572327
201.257858
805.031433
704.402527
855.345886
1509.433960
402.515717
603.773560
1710.691772
1509.433960
905.660339
905.660339
1006.289307
1358.490601
1106.918213
1006.289307
1157.232666
855.345886
704.402527
654.088013
553.459106
603.773560
704.402527
754.716980
1358.490601
1610.062866
1408.805054
1610.062866
1308.176025
1056.603760
905.660339
704.402527
905.660339
503.144653
503.144653
352.201263
352.201263
1358.490601
603.773560
402.515717
100.628929
0.000000
0.000000
0.000000
855.345886
402.515717
1811.320679
201.257858
0.000000
0.000000
0.000000
0.000000
1056.603760
1056.603760
352.201263
50.314465
352.201263
2163.521973
1911.949707
301.886780
0.000000
301.886780
301.886780
1006.289307
1811.320679
704.402527
805.031433
1911.949707
100.628929
603.773560
2113.207520
1962.264160
1811.320679
805.031433
503.144653
1408.805054
905.660339
100.628929
0.000000
100.628929
100.628929
1006.289307
2566.037598
1509.433960
100.628929
0.000000
0.000000
0.000000
0.000000
100.628929
2867.924561
452.830170
50.314465
452.830170
1610.062866
201.257858
1308.176025
301.886780
0.000000
100.628929
1358.490601
1710.691772
1308.176025
0.000000
1408.805054
1408.805054
1610.062866
754.716980
503.144653
805.031433
1660.377319
1157.232666
905.660339
452.830170
301.886780
503.144653
553.459106
754.716980
1308.176025
503.144653
805.031433
402.515717
553.459106
754.716980
201.257858
301.886780
503.144653
402.515717
452.830170
754.716980
452.830170
603.773560
855.345886
553.459106
754.716980
402.515717
201.257858
301.886780
905.660339
1610.062866
704.402527
805.031433
1056.603760
1056.603760
805.031433
905.660339
301.886780
100.628929
251.572327
50.314465
50.314465
503.144653
301.886780
0.000000
201.257858
1358.490601
452.830170
50.314465
1006.289307
402.515717
402.515717
905.660339
1157.232666
603.773560
201.257858
201.257858
150.943390
150.943390
50.314465
100.628929
100.628929
0.000000
150.943390
50.314465
201.257858
0.000000
0.000000
50.314465
50.314465
100.628929
0.000000
0.000000
150.943390
301.886780
0.000000
150.943390
150.943390
100.628929
654.088013
402.515717
201.257858
0.000000
0.000000
251.572327
50.314465
50.314465
603.773560
201.257858
0.000000
0.000000
1610.062866
2918.239014
2465.408691
3723.270264
3069.182373
754.716980
1610.062866
2415.094238
301.886780
3471.697998
1962.264160
50.314465
805.031433
0.000000
0.000000
352.201263
50.314465
301.886780
0.000000
0.000000
352.201263
50.314465
50.314465
805.031433
0.000000
0.000000
251.572327
50.314465
503.144653
0.000000
0.000000
150.943390
50.314465
50.314465
50.314465
704.402527
0.000000
0.000000
1157.232666
50.314465
1006.289307
201.257858
402.515717
452.830170
553.459106
704.402527
301.886780
402.515717
754.716980
402.515717
1308.176025
0.000000
0.000000
1056.603760
1962.264160
905.660339
0.000000
0.000000
0.000000
1861.635132
1610.062866
1106.918213
0.000000
1157.232666
2264.150879
50.314465
905.660339
2415.094238
1157.232666
50.314465
50.314465
50.314465
503.144653
0.000000
50.314465
352.201263
50.314465
50.314465
905.660339
402.515717
0.000000
654.088013
1459.119507
1358.490601
301.886780
201.257858
503.144653
301.886780
553.459106
1006.289307
553.459106
704.402527
955.974854
654.088013
402.515717
201.257858
201.257858
955.974854
150.943390
1157.232666
1911.949707
2264.150879
2465.408691
150.943390
3522.012451
1459.119507
1106.918213
1358.490601
805.031433
1106.918213
905.660339
704.402527
905.660339
1157.232666
754.716980
452.830170
402.515717
704.402527
0.000000
855.345886
503.144653
301.886780
301.886780
553.459106
402.515717
754.716980
503.144653
201.257858
553.459106
301.886780
201.257858
251.572327
50.314465
301.886780
251.572327
251.572327
452.830170
251.572327
503.144653
704.402527
352.201263
1459.119507
1459.119507
452.830170
352.201263
352.201263
805.031433
855.345886
1861.635132
1358.490601
1308.176025
1157.232666
805.031433
1106.918213
201.257858
905.660339
805.031433
855.345886
352.201263
855.345886
603.773560
402.515717
0.000000
100.628929
150.943390
905.660339
654.088013
1006.289307
654.088013
704.402527
301.886780
251.572327
201.257858
50.314465
100.628929
50.314465
503.144653
402.515717
251.572327
452.830170
855.345886
603.773560
402.515717
855.345886
855.345886
754.716980
955.974854
855.345886
402.515717
352.201263
201.257858
150.943390
201.257858
402.515717
201.257858
402.515717
100.628929
352.201263
553.459106
553.459106
201.257858
100.628929
251.572327
1056.603760
704.402527
704.402527
0.000000
0.000000
0.000000
0.000000
0.000000
100.628929
0.000000
100.628929
0.000000
0.000000
0.000000
0.000000
0.000000
0.000000
0.000000
0.000000
0.000000
0.000000
201.257858
301.886780
0.000000
251.572327
1358.490601
50.314465
452.830170
50.314465
50.314465
50.314465
1660.377319
50.314465
1459.119507
452.830170
1358.490601
1761.006226
2566.037598
1157.232666
905.660339
503.144653
754.716980
754.716980
1761.006226
3874.213867
5182.389648
5987.421387
6238.993652
6641.509277
5534.591309
4578.616211
2515.723145
1962.264160
1962.264160
50.314465
2918.239014
1358.490601
1911.949707
553.459106
2465.408691
1006.289307
1006.289307
905.660339
603.773560
905.660339
503.144653
503.144653
150.943390
352.201263
452.830170
201.257858
201.257858
301.886780
150.943390
251.572327
251.572327
251.572327
201.257858
201.257858
201.257858
503.144653
805.031433
805.031433
301.886780
805.031433
955.974854
1911.949707
1006.289307
1911.949707
1559.748413
452.830170
654.088013
955.974854
805.031433
603.773560
1459.119507
1408.805054
1408.805054
1459.119507
704.402527
1710.691772
955.974854
1358.490601
1006.289307
1559.748413
654.088013
754.716980
301.886780
1056.603760
1308.176025
955.974854
553.459106
905.660339
654.088013
201.257858
150.943390
201.257858
251.572327
201.257858
201.257858
251.572327
201.257858
251.572327
301.886780
150.943390
301.886780
251.572327
402.515717
150.943390
503.144653
452.830170
754.716980
251.572327
251.572327
352.201263
1660.377319
553.459106
603.773560
654.088013
402.515717
452.830170
402.515717
452.830170
805.031433
352.201263
402.515717
452.830170
1207.547119
1811.320679
1207.547119
1710.691772
1358.490601
1911.949707
1157.232666
1459.119507
1207.547119
1459.119507
955.974854
955.974854
1257.861572
50.314465
1257.861572
50.314465
754.716980
251.572327
2062.893066
50.314465
1157.232666
402.515717
352.201263
251.572327
1056.603760
201.257858
1660.377319
452.830170
301.886780
2062.893066
654.088013
1308.176025
251.572327
2566.037598
754.716980
553.459106
1157.232666
50.314465
1056.603760
1157.232666
805.031433
603.773560
100.628929
2012.578613
251.572327
1710.691772
1157.232666
1257.861572
754.716980
704.402527
100.628929
1761.006226
1559.748413
150.943390
855.345886
553.459106
402.515717
3169.811279
754.716980
654.088013
251.572327
301.886780
201.257858
955.974854
251.572327
301.886780
553.459106
704.402527
301.886780
503.144653
352.201263
503.144653
0.000000
150.943390
1006.289307
2716.981201
2616.352051
3119.496826
1106.918213
2012.578613
1761.006226
1459.119507
1610.062866
1157.232666
1106.918213
1157.232666
1106.918213
1911.949707
1207.547119
1408.805054
654.088013
855.345886
754.716980
452.830170
754.716980
654.088013
402.515717
452.830170
553.459106
654.088013
402.515717
402.515717
201.257858
201.257858
301.886780
301.886780
201.257858
150.943390
251.572327
352.201263
553.459106
805.031433
1006.289307
1811.320679
1559.748413
654.088013
805.031433
754.716980
905.660339
704.402527
955.974854
1257.861572
1106.918213
1358.490601
955.974854
1710.691772
1911.949707
1610.062866
654.088013
251.572327
50.314465
201.257858
251.572327
402.515717
402.515717
603.773560
805.031433
301.886780
905.660339
855.345886
603.773560
1006.289307
603.773560
805.031433
150.943390
201.257858
150.943390
150.943390
50.314465
201.257858
0.000000
201.257858
402.515717
553.459106
855.345886
1106.918213
1207.547119
1559.748413
1207.547119
1106.918213
553.459106
1207.547119
905.660339
603.773560
553.459106
855.345886
1509.433960
1157.232666
855.345886
1106.918213
603.773560
301.886780
503.144653
201.257858
503.144653
452.830170
452.830170
503.144653
251.572327
704.402527
955.974854
1308.176025
0.000000
100.628929
352.201263
1660.377319
100.628929
100.628929
0.000000
0.000000
0.000000
100.628929
0.000000
754.716980
553.459106
2113.207520
603.773560
2113.207520
201.257858
2616.352051
503.144653
1710.691772
553.459106
603.773560
1056.603760
2314.465332
603.773560
2515.723145
201.257858
603.773560
654.088013
2213.836426
855.345886
1358.490601
1559.748413
1660.377319
1157.232666
1509.433960
654.088013
805.031433
603.773560
654.088013
352.201263
352.201263
201.257858
201.257858
201.257858
301.886780
654.088013
452.830170
503.144653
553.459106
1056.603760
1308.176025
553.459106
654.088013
301.886780
905.660339
754.716980
1811.320679
955.974854
402.515717
301.886780
905.660339
1106.918213
4880.502930
6339.622559
6238.993652
6088.050293
5484.276855
3924.528320
4327.043945
2113.207520
704.402527
1710.691772
905.660339
1056.603760
251.572327
955.974854
402.515717
251.572327
553.459106
402.515717
603.773560
1006.289307
1157.232666
503.144653
1106.918213
855.345886
301.886780
150.943390
402.515717
201.257858
100.628929
301.886780
251.572327
201.257858
251.572327
301.886780
352.201263
2264.150879
1559.748413
1408.805054
1056.603760
402.515717
955.974854
1257.861572
1509.433960
704.402527
754.716980
1157.232666
1207.547119
855.345886
2213.836426
3974.842773
4830.188477
6540.880371
5635.220215
905.660339
201.257858
0.000000
100.628929
100.628929
1408.805054
452.830170
1308.176025
553.459106
1207.547119
754.716980
704.402527
805.031433
1006.289307
654.088013
503.144653
654.088013
805.031433
452.830170
654.088013
603.773560
251.572327
452.830170
201.257858
251.572327
452.830170
553.459106
251.572327
301.886780
503.144653
704.402527
654.088013
352.201263
603.773560
452.830170
805.031433
1106.918213
955.974854
905.660339
1207.547119
654.088013
905.660339
301.886780
905.660339
955.974854
1207.547119
1106.918213
1761.006226
1459.119507
251.572327
50.314465
150.943390
955.974854
1257.861572
2113.207520
251.572327
150.943390
1459.119507
1559.748413
1207.547119
100.628929
0.000000
0.000000
0.000000
0.000000
0.000000
0.000000
0.000000
0.000000
0.000000
0.000000
0.000000
0.000000
100.628929
100.628929
0.000000
100.628929
1610.062866
0.000000
201.257858
100.628929
0.000000
603.773560
704.402527
402.515717
0.000000
0.000000
0.000000
0.000000
503.144653
1861.635132
654.088013
50.314465
1056.603760
2264.150879
2364.779785
1106.918213
1962.264160
1962.264160
2163.521973
352.201263
251.572327
2264.150879
1811.320679
2666.666504
2264.150879
654.088013
352.201263
150.943390
50.314465
50.314465
150.943390
1962.264160
1006.289307
1660.377319
1106.918213
654.088013
50.314465
1408.805054
1106.918213
0.000000
0.000000
0.000000
